1000 255 56 0
1100 255 71 0
1200 255 83 0
1300 255 93 0
1400 255 101 0
1500 255 109 0
1600 255 115 0
1700 255 121 0
1800 255 126 0
1900 255 131 0
2000 255 137 18
2100 255 142 33
2200 255 147 44
2300 255 152 54
2400 255 157 63
2500 255 161 72
2600 255 165 79
2700 255 169 87
2800 255 173 94
2900 255 177 101
3000 255 180 107
3100 255 184 114
3200 255 187 120
3300 255 190 126
3400 255 193 132
3500 255 196 137
3600 255 199 143
3700 255 201 148
3800 255 204 153
3900 255 206 159
4000 255 209 163
4100 255 211 168
4200 255 213 173
4300 255 215 177
4400 255 217 182
4500 255 219 186
4600 255 221 190
4700 255 223 194
4800 255 225 198
4900 255 227 202
5000 255 228 206
5100 255 230 210
5200 255 232 213
5300 255 233 217
5400 255 235 220
5500 255 236 224
5600 255 238 227
5700 255 239 230
5800 255 240 233
5900 255 242 236
6000 255 243 239
6100 255 244 242
6200 255 245 245
6300 255 246 248
6400 255 248 251
6500 255 249 253
6600 254 249 255
6700 252 247 255
6800 249 246 255
6900 247 245 255
7000 245 243 255
7100 243 242 255
7200 240 241 255
7300 239 240 255
7400 237 239 255
7500 235 238 255
7600 233 237 255
7700 231 236 255
7800 230 235 255
7900 228 234 255
8000 227 233 255
8100 225 232 255
8200 224 231 255
8300 222 230 255
8400 221 230 255
8500 220 229 255
8600 218 228 255
8700 217 227 255
8800 216 227 255
8900 215 226 255
9000 214 225 255
9100 212 225 255
9200 211 224 255
9300 210 223 255
9400 209 223 255
9500 208 222 255
9600 207 221 255
9700 207 221 255
9800 206 220 255
9900 205 220 255
10000 204 219 255
10100 203 219 255
10200 202 218 255
10300 201 218 255
10400 201 217 255
10500 200 217 255
10600 199 216 255
10700 199 216 255
10800 198 216 255
10900 197 215 255
11000 196 215 255
11100 196 214 255
11200 195 214 255
11300 195 214 255
11400 194 213 255
11500 193 213 255
11600 193 212 255
11700 192 212 255
11800 192 212 255
11900 191 211 255
12000 191 211 255
12100 190 211 255
12200 190 210 255
12300 189 210 255
12400 189 210 255
12500 188 210 255
12600 188 209 255
12700 187 209 255
12800 187 209 255
12900 186 208 255
13000 186 208 255
13100 185 208 255
13200 185 208 255
13300 185 207 255
13400 184 207 255
13500 184 207 255
13600 183 207 255
13700 183 206 255
13800 183 206 255
13900 182 206 255
14000 182 206 255
14100 182 205 255
14200 181 205 255
14300 181 205 255
14400 181 205 255
14500 180 205 255
14600 180 204 255
14700 180 204 255
14800 179 204 255
14900 179 204 255
15000 179 204 255
15100 178 203 255
15200 178 203 255
15300 178 203 255
15400 178 203 255
15500 177 203 255
15600 177 202 255
15700 177 202 255
15800 177 202 255
15900 176 202 255
16000 176 202 255
16100 176 202 255
16200 175 201 255
16300 175 201 255
16400 175 201 255
16500 175 201 255
16600 175 201 255
16700 174 201 255
16800 174 201 255
16900 174 200 255
17000 174 200 255
17100 173 200 255
17200 173 200 255
17300 173 200 255
17400 173 200 255
17500 173 200 255
17600 172 199 255
17700 172 199 255
17800 172 199 255
17900 172 199 255
18000 172 199 255
18100 171 199 255
18200 171 199 255
18300 171 199 255
18400 171 198 255
18500 171 198 255
18600 170 198 255
18700 170 198 255
18800 170 198 255
18900 170 198 255
19000 170 198 255
19100 170 198 255
19200 169 198 255
19300 169 197 255
19400 169 197 255
19500 169 197 255
19600 169 197 255
19700 169 197 255
19800 169 197 255
19900 168 197 255
20000 168 197 255
20100 168 197 255
20200 168 197 255
20300 168 196 255
20400 168 196 255
20500 168 196 255
20600 167 196 255
20700 167 196 255
20800 167 196 255
20900 167 196 255
21000 167 196 255
21100 167 196 255
21200 167 196 255
21300 166 196 255
21400 166 195 255
21500 166 195 255
21600 166 195 255
21700 166 195 255
21800 166 195 255
21900 166 195 255
22000 166 195 255
22100 165 195 255
22200 165 195 255
22300 165 195 255
22400 165 195 255
22500 165 195 255
22600 165 195 255
22700 165 194 255
22800 165 194 255
22900 165 194 255
23000 164 194 255
23100 164 194 255
23200 164 194 255
23300 164 194 255
23400 164 194 255
23500 164 194 255
23600 164 194 255
23700 164 194 255
23800 164 194 255
23900 164 194 255
24000 163 194 255
24100 163 194 255
24200 163 193 255
24300 163 193 255
24400 163 193 255
24500 163 193 255
24600 163 193 255
24700 163 193 255
24800 163 193 255
24900 163 193 255
25000 163 193 255
25100 162 193 255
25200 162 193 255
25300 162 193 255
25400 162 193 255
25500 162 193 255
25600 162 193 255
25700 162 193 255
25800 162 193 255
25900 162 192 255
26000 162 192 255
26100 162 192 255
26200 162 192 255
26300 162 192 255
26400 161 192 255
26500 161 192 255
26600 161 192 255
26700 161 192 255
26800 161 192 255
26900 161 192 255
27000 161 192 255
27100 161 192 255
27200 161 192 255
27300 161 192 255
27400 161 192 255
27500 161 192 255
27600 161 192 255
27700 161 192 255
27800 160 192 255
27900 160 192 255
28000 160 191 255
28100 160 191 255
28200 160 191 255
28300 160 191 255
28400 160 191 255
28500 160 191 255
28600 160 191 255
28700 160 191 255
28800 160 191 255
28900 160 191 255
29000 160 191 255
29100 160 191 255
29200 160 191 255
29300 159 191 255
29400 159 191 255
29500 159 191 255
29600 159 191 255
29700 159 191 255
29800 159 191 255
29900 159 191 255
30000 159 191 255
30100 159 191 255
30200 159 191 255
30300 159 191 255
30400 159 190 255
30500 159 190 255
30600 159 190 255
30700 159 190 255
30800 159 190 255
30900 159 190 255
31000 159 190 255
31100 158 190 255
31200 158 190 255
31300 158 190 255
31400 158 190 255
31500 158 190 255
31600 158 190 255
31700 158 190 255
31800 158 190 255
31900 158 190 255
32000 158 190 255
32100 158 190 255
32200 158 190 255
32300 158 190 255
32400 158 190 255
32500 158 190 255
32600 158 190 255
32700 158 190 255
32800 158 190 255
32900 158 190 255
33000 158 190 255
33100 158 190 255
33200 157 190 255
33300 157 190 255
33400 157 189 255
33500 157 189 255
33600 157 189 255
33700 157 189 255
33800 157 189 255
33900 157 189 255
34000 157 189 255
34100 157 189 255
34200 157 189 255
34300 157 189 255
34400 157 189 255
34500 157 189 255
34600 157 189 255
34700 157 189 255
34800 157 189 255
34900 157 189 255
35000 157 189 255
35100 157 189 255
35200 157 189 255
35300 157 189 255
35400 157 189 255
35500 157 189 255
35600 156 189 255
35700 156 189 255
35800 156 189 255
35900 156 189 255
36000 156 189 255
36100 156 189 255
36200 156 189 255
36300 156 189 255
36400 156 189 255
36500 156 189 255
36600 156 189 255
36700 156 189 255
36800 156 189 255
36900 156 189 255
37000 156 189 255
37100 156 189 255
37200 156 188 255
37300 156 188 255
37400 156 188 255
37500 156 188 255
37600 156 188 255
37700 156 188 255
37800 156 188 255
37900 156 188 255
38000 156 188 255
38100 156 188 255
38200 156 188 255
38300 156 188 255
38400 155 188 255
38500 155 188 255
38600 155 188 255
38700 155 188 255
38800 155 188 255
38900 155 188 255
39000 155 188 255
39100 155 188 255
39200 155 188 255
39300 155 188 255
39400 155 188 255
39500 155 188 255
39600 155 188 255
39700 155 188 255
39800 155 188 255
39900 155 188 255
40000 155 188 255
